-4.00689186 25.00275852
-4.90012502 23.58091988
-3.72541830 25.35726289
-3.69428653 23.86870106
-4.13137042 23.71599035
-3.62990461 25.04773464
-4.55703857 24.25574697
-3.48090744 24.43784223
-3.16349910 26.25456412
-4.05781529 24.82580988
-3.09674533 23.46723519
-5.21798225 24.84311573
-4.26054812 26.36028754
-4.65014794 24.87064582
-3.14578637 25.21120470
-2.98750790 25.16370034
-3.03628729 23.65813521
-3.30701000 24.51111144
-2.95538976 24.48719932
-3.99058536 25.83887546
-4.84178823 23.47788470
-3.80934134 25.18299165
-3.78998653 25.78839851
-3.27012741 25.41989067
-3.35103239 24.78538897
-3.08434154 24.36780650
-2.60249374 24.22901028
-4.10276738 25.03538918
-2.31306239 23.83081309
-3.33290219 24.20701640
-4.95377156 23.81963605
-3.40029305 24.20896356
-4.38889866 24.68660777
-4.26193708 25.49398213
-4.37085907 24.21563362
-4.29468846 23.78466743
-5.08921028 25.39167552
-4.38629652 24.40808203
-4.79279120 24.42823628
-5.62011527 25.32879097
-5.54093004 25.55112524
-2.95009941 23.92285175
-3.31914001 25.46472007
-4.61922265 24.18869862
-3.56041591 24.95451425
-3.47371004 26.02840130
-4.20588934 23.49775406
-3.84186734 25.25189866
-4.70675951 24.48006955
-3.45917946 24.64994198
-3.71874171 23.27146398
-4.45702897 25.26652456
-3.01506200 24.62344279
-3.57188360 24.83461724
-4.29088018 24.84338630
-3.99070693 24.86663892
-4.80760613 23.49503458
-4.48965731 25.18523866
-3.95571880 24.12115620
-5.17076554 24.65737328
-4.04217080 24.12445598
-3.07083834 25.15504391
-4.40830727 25.25283580
-4.70731239 24.56589873
-3.61232773 24.71379558
-3.61390212 25.22526665
-5.09738621 25.95945502
-4.26324601 24.05549300
-2.39697283 24.46610652
-4.75251545 24.75494793
-2.74512196 24.71599219
-4.39812022 24.80661757
-3.63541405 25.22139673
-3.87383305 24.71232422
-4.00307008 26.28181741
-2.16377450 25.99548545
-3.24192316 24.31661573
-5.58527317 25.18290359
-3.08467481 23.81641567
-3.12638351 24.51091483
-3.11934123 25.71995912
-3.80690540 25.50375378
-4.61916268 24.62309584
-3.06564376 24.44854376
-2.41516180 24.81906432
-2.41521199 24.60201364
-4.51547992 25.09690183
-4.12851274 25.55783440
-4.13868713 26.03994712
-3.97608256 24.90627881
-4.28476227 25.89668601
-3.21459418 24.24129561
-3.24063800 26.13382584
-3.07699621 24.94747775
-4.34275105 25.05238699
-3.26507636 24.59186664
-3.48109817 24.63959131
-3.94826014 24.65273441
-3.04881863 23.85072488
-3.51799194 25.31353746
-3.16355837 24.35719852
-3.75274103 25.08275290
-4.22797771 23.88912945
-4.37281343 24.74164829
-4.82000481 24.46346103
-2.94486373 24.73939181
-3.07898323 25.47520297
-4.54194269 25.55528953
-3.33027632 24.21995283
-4.47135290 25.51605675
-3.14369128 24.38165306
-4.81109720 24.54583491
-4.42958158 23.52262864
-4.30451791 26.26957740
-2.91801243 24.13812746
-3.25226412 24.95866734
-2.98577915 24.56123604
-4.06372987 25.70181732
-4.30294093 25.23089066
-4.30515182 25.39994673
-4.27008442 23.20624510
-2.71824464 26.18973825
-3.03605483 24.66638268
-4.00209268 23.86451018
-3.11943068 25.02817077
-3.95158714 24.79570822
-4.20867520 24.00631197
-3.65147886 24.22387108
-3.99074043 24.15814927
-3.96353710 24.82738913
-3.53647768 25.00184710
-4.38160179 24.51894548
-3.33461846 24.59144844
-5.08814713 24.93243836
-5.41016894 25.14374522
-3.98095441 24.35892625
-3.42267857 24.62368494
-3.81799643 24.73649168
-3.12777947 24.17087954
-3.69334894 26.02030780
-3.29494703 25.13824704
-2.07003552 24.79062795
-4.46520506 25.69035572
-5.31087261 24.72527684
-4.01696765 24.19186938
-2.97799187 23.88763658
-3.87057280 25.42820257
-4.90894028 24.07997383
-4.26776024 25.02582888
-3.61474184 24.08431063
-3.42270110 23.97199947
-3.72599693 23.72001678
-4.06244727 24.61893272
-3.89108431 25.64210552
-5.24879688 24.75981994
-2.87366848 24.18769524
-3.66403783 22.86757635
-3.84165705 24.10663367
-4.34329846 24.43197643
-5.00714747 25.25073120
-5.09576132 23.89185892
-4.27984107 25.16288625
-5.16627305 24.60035170
-3.79757551 26.00636183
-4.66790869 25.61502294
-5.18014644 25.26213966
-4.10449675 25.29227676
-4.37061650 24.75391120
-3.96875418 24.71858889
-3.40597008 24.39445181
-4.80317550 23.45198476
-3.16538805 26.25593960
-3.34172808 24.45983362
-3.82811143 24.66860616
-3.43861156 24.44298146
-2.23511815 23.54806939
-3.65617707 24.59431439
-3.47758586 24.52012527
-3.66486994 24.68831211
-4.49988546 24.37063634
-4.43156747 24.82896499
-4.57400335 24.39703643
-4.27873962 24.60949176
-3.96614936 25.22274633
-3.95937125 23.01142037
-3.05966131 24.79330368
-3.44252516 23.99699740
-2.75687428 24.27257182
-5.55884305 24.99888741
-4.47412801 25.19912110
-3.66883341 24.70596577
-3.81610131 23.70960857
-3.56776691 23.99721736
-3.58756005 24.25044616
-2.39223818 24.10146017
-2.87705190 24.19911287
-4.00417160 25.12988459
-3.76280213 24.96240439
-4.34972915 25.55216075
-2.57871310 24.73433984
-4.33747971 24.03520676
-4.31776062 23.85303343
-4.06660616 24.47138817
-4.28585990 25.68425055
-2.85098376 25.50615611
-3.60603978 24.53001173
-3.07867394 24.98327289
-2.64851994 24.60652528
-2.08616286 23.90318919
-4.02395529 25.17708476
-3.20342036 25.09200916
-3.56055022 24.37085631
-3.74803796 24.26497603
-3.25038880 23.52115442
-4.27603367 24.71937265
-2.60340372 25.04468761
-4.02184560 24.01699446
-3.44313604 23.27183081
-3.69720025 23.28034062
-4.87979084 25.49900084
-4.26100628 26.57038290
-3.96224546 25.09047276
-4.00029631 25.64543048
-3.76454187 25.03496434
-3.67607779 24.65470770
-3.43904638 24.20798633
-2.96103499 24.64814816
-2.62993062 25.59798601
-4.83941413 24.08241672
-4.22847189 24.88111886
-4.13978180 23.74780990
-3.02623335 24.69556344
-2.74317560 23.64315883
-4.48220672 24.47714106
-4.69737196 25.02388662
-3.38690533 25.16319611
-4.53278316 25.13342591
-4.28685403 24.48347248
-4.31126909 25.46629566
-3.14330611 23.77134438
-3.19168334 24.62236864
-4.82388614 25.71667058
-4.09097729 24.76333848
-3.63697578 25.69547356
-3.29804753 23.83418149
-3.40244964 24.46720330
-4.05698222 25.26709546
-4.84068081 24.99635682
-3.76605035 24.52596173
-3.91084733 25.92354029
-3.59508992 25.16975484
-4.05334260 25.07440633
-3.95641882 25.04238929
-3.61215160 23.76619148
-4.81657190 24.68360587
-3.70451654 24.25728167
-5.47283371 25.29664027
-3.38875972 25.75496943
-4.35253018 23.81476385
-4.25948442 25.24689133
-4.26152380 25.24294735
-3.97122529 25.44260325
-4.75257602 25.19286389
-3.29193609 24.57077125
-3.12337883 24.20928284
-2.71175737 24.03751219
-4.20148003 24.21943347
-4.12275305 24.69829332
-3.48140784 24.12136635
-3.65725823 24.76482401
-3.91449619 24.14719247
-4.40491868 25.43123017
-3.13602932 24.70869201
-4.27045190 25.10177106
-4.11773332 24.98676464
-6.20633021 24.46028838
-3.00773340 24.88033158
-3.34629695 24.92862909
-3.27196616 24.39896984
-2.93123348 25.53133670
-4.06930968 24.80737165
-3.70327265 24.60081520
-3.66215114 24.29122637
-4.25103060 25.40195780
-3.05983118 23.20524472
-3.47350813 24.47751825
-3.95628538 24.69052436
-4.42868643 24.90070026
-5.33333077 24.95227814
-3.98882710 24.87430548
-4.03954998 24.06836788
-4.04391695 23.93473759
-4.13022110 25.05183772
-4.13556747 25.44310839
-3.22143697 24.42769835
-4.21528411 26.24104229
-4.50788593 25.10837578
-4.25687249 25.12732123
-3.99892364 24.89183830
-3.77874999 26.12522405
-3.51247212 25.90550631
-4.30413718 25.18782668
-3.44257599 24.89230668
-3.07252379 24.00737580
-4.40931962 24.67082358
-2.21563458 24.83296753
-4.07127976 25.14893181
-4.59237014 25.56986974
-4.74771932 24.56194313
-4.86990680 23.85849088
-3.29182161 23.34380861
-2.31459189 23.71609000
-4.46674891 24.85734918
-5.22862865 24.86006553
-4.39752609 25.32925919
-3.53998730 24.55134895
-2.89120846 24.44157701
-3.69715430 24.52104766
-4.31046649 24.27525500
-2.70915007 22.99626676
-3.70738878 25.84659230
-2.48486909 23.93008494
-4.03142924 25.07472229
-3.63218798 24.86261318
-3.70093628 24.23796593
-3.77637474 24.33528633
-5.30346724 25.23288505
-4.22855886 26.11291659
-3.90246707 24.33316677
27.68234786 -3.26189906
28.39209696 -3.34690306
27.10476575 -4.25196500
27.57845075 -3.78922174
28.07952825 -3.02776331
27.62287993 -2.80481046
27.31203144 -3.85101015
27.41167430 -3.78775729
26.83732985 -3.82599465
27.88953247 -4.22823595
27.77997820 -2.79330831
26.14800844 -2.87734339
28.93027032 -2.51634611
27.55838350 -2.91751446
27.67674783 -2.76822200
27.62435234 -2.54436714
27.99614154 -3.50410107
27.67334314 -1.90747591
28.48782020 -3.30607950
27.02826817 -3.58623611
28.63489872 -2.51609460
27.87441885 -2.83274289
27.79497630 -3.37268520
28.27499104 -3.50379356
28.33950111 -3.38678318
27.94189774 -1.87999310
28.09450362 -2.50668958
27.73931463 -3.84706986
27.30809182 -2.79135959
27.84563568 -3.17098727
27.79137748 -1.82400677
28.20125536 -4.17263183
27.62847727 -2.99601696
28.77686876 -2.13026788
27.42928577 -2.34411704
27.76747601 -3.13228362
28.36026732 -2.13646607
28.51645148 -1.34320420
27.71422864 -3.10052796
26.95574163 -2.64462573
28.85191394 -2.33636458
27.44190910 -2.97822085
26.88850454 -3.54555602
28.55800877 -4.26692840
27.93124436 -3.46983153
28.37741236 -3.45199274
27.29275647 -3.12358515
26.92194687 -3.96614902
27.62146966 -2.27862327
26.30930080 -2.88918059
27.40205494 -1.88471990
28.16933688 -3.43637775
27.82119952 -2.60068309
27.36022023 -2.17793291
28.38267826 -4.22778349
27.20234510 -3.41055005
27.68019681 -3.86470850
27.16569391 -3.04803257
27.81904102 -2.61473537
27.42532368 -3.26175865
27.55116535 -3.04129009
28.28620899 -3.96193338
28.67259640 -3.45010081
27.81665246 -3.09771087
25.78255358 -3.21758365
28.02161744 -4.50629158
28.45743891 -3.74772732
26.95578899 -2.96596077
29.00970957 -4.64172767
28.13244564 -3.19967065
26.97259102 -3.76777042
28.24626076 -2.66956664
28.55470965 -1.27374667
28.65080044 -2.77277180
27.41295921 -3.82735901
28.90484642 -3.43761211
26.93426616 -3.37899030
26.57349233 -3.74881052
28.04561716 -2.30251402
26.73407590 -3.37279322
27.42851963 -4.38077012
27.14949292 -3.88773561
28.50289988 -2.94169962
28.76281231 -1.64674935
26.66270452 -2.55738308
27.92936916 -2.01493722
28.89698961 -3.55218931
28.47691285 -3.64958394
28.77703326 -3.05727619
28.07224648 -2.25929198
27.46598682 -1.92305646
28.21731986 -2.72243266
28.09875452 -4.10203054
28.36135667 -2.22078723
28.57540615 -3.05862333
27.79448493 -3.25823378
28.35210123 -3.67799570
28.82512140 -2.49729528
28.31603981 -2.77410193
27.15421975 -1.67397009
27.82135423 -3.57645928
27.89158306 -2.07830686
28.22409943 -1.73754137
27.73701661 -3.11813761
28.26510737 -3.18665670
28.84674389 -3.39837821
28.85989435 -2.51544664
27.45719061 -3.83861667
27.87107948 -2.55438788
27.36696110 -2.40972729
28.57276250 -2.71805935
28.32865075 -3.43931850
28.23202530 -2.49454177
28.52394468 -2.80684853
28.30052019 -2.55718168
27.34418038 -4.31843422
28.07334804 -4.20329740
27.92604875 -3.82253041
28.58314009 -2.08115426
27.90073202 -4.16598592
26.83044736 -3.61403705
27.64033276 -3.02639448
27.18944865 -2.94297343
28.47374235 -3.33535575
27.06152535 -4.35111244
28.72661751 -4.67545495
28.46386812 -2.65891148
27.62000542 -3.57131514
29.61466284 -2.35562635
28.68397478 -3.72380028
28.00716892 -3.82403187
26.64338719 -2.07820458
28.47195858 -2.39363691
28.11712720 -2.50082126
27.75998853 -3.14248703
27.76431047 -2.94337271
28.19352814 -3.73312360
28.17346756 -4.10738551
28.03268409 -2.92219014
28.66144938 -4.72265607
28.46173507 -2.25463573
28.33766360 -2.22950104
27.84681707 -3.60690230
25.52797085 -2.88123083
28.14947645 -3.52244683
27.41559709 -3.99547357
27.96772321 -2.43592619
28.21767531 -2.22407663
27.46988555 -2.72399764
28.35989361 -2.29366906
28.24256961 -3.38545582
27.48163940 -3.33849726
27.33625779 -2.63828519
27.40211649 -3.76292375
27.74524032 -3.87860576
26.98314711 -3.06085215
27.79276568 -3.41296069
28.80598387 -1.98910646
28.16844575 -3.20793408
28.03412866 -2.90825043
27.36977335 -2.50233285
27.34485769 -3.45840209
27.56902858 -1.91047207
28.32616407 -2.64586657
27.50859741 -3.94473456
27.17648529 -3.88258042
28.31838933 -2.55706970
28.61783314 -2.71853527
27.59916316 -4.03418969
26.80821230 -3.35715485
27.19157301 -4.05280969
29.37275881 -3.07846461
27.21038206 -3.26784953
28.15720467 -2.98431383
27.11095669 -3.68619102
27.90358987 -3.60456526
27.17901667 -3.38464207
28.63354833 -2.01926017
28.30150901 -3.23566928
28.11247233 -3.60554471
25.56685833 -3.71178572
27.90510351 -3.85542907
27.96839060 -3.80693692
28.85935739 -3.77747357
27.67410671 -3.71649848
27.98583434 -2.65990266
27.58571781 -2.77961942
28.63196202 -2.67727946
28.52809076 -2.85922896
28.55187749 -1.99164887
27.52529144 -2.81876425
27.24955550 -3.36262745
28.84183737 -2.93165326
27.08442911 -2.83871494
28.61499793 -3.40203995
28.01090877 -3.64951286
26.89127890 -3.45409534
26.78768719 -4.10438385
28.63889909 -4.05190837
27.49585010 -4.61738769
27.57628331 -4.19472160
28.58262745 -4.14236277
27.18289028 -3.98232620
27.01924824 -3.84889093
27.25128605 -2.64764051
28.26307725 -2.69079443
26.82893741 -3.55354245
27.70934998 -3.06075643
28.25441108 -3.28472706
28.52319789 -3.20636552
25.74730756 -2.42186783
29.41407011 -3.77597252
28.57534812 -4.21117450
27.28523250 -2.63713080
28.27134595 -3.25094289
28.27277250 -1.81236644
26.14434852 -4.35025181
27.68260966 -2.49651723
28.77920737 -3.12775730
27.05874487 -3.86808331
28.01302331 -3.16366098
28.82054414 -3.30986068
27.26779766 -1.99968559
28.07028583 -2.92246213
27.88673287 -1.89662970
27.48456457 -3.29497087
28.60265844 -3.11104615
28.84040800 -3.31866467
27.91366509 -3.74380855
28.99740451 -3.21652604
28.13765979 -2.93588876
27.89520431 -3.11061730
28.07128137 -2.58820548
29.06432741 -3.60705959
29.16116863 -3.10101922
27.29212398 -2.83421324
27.42332643 -3.34150987
28.03563315 -3.65507212
27.81519751 -2.77901448
27.94824868 -3.02339814
27.16306326 -3.01576840
27.99988338 -3.08754768
28.11305001 -1.85525609
26.65097706 -2.13119638
27.35929359 -3.17797358
28.30873557 -2.74766347
27.59011325 -2.82966419
28.64985480 -2.81652063
26.59807877 -2.36587143
28.67302314 -3.08877502
27.85405459 -3.49107641
26.63442230 -4.57889674
28.29208708 -2.15413237
27.57858104 -3.16026906
27.54203273 -2.73196423
27.28683018 -3.49898864
28.23298890 -1.72924597
27.43587341 -3.65995891
27.76176116 -4.04786421
28.55427658 -1.78055318
26.60623628 -2.55442452
27.60083671 -3.55210792
28.50716745 -3.47579100
28.28975747 -3.68463328
28.51029873 -2.04031505
27.75567812 -3.67235507
28.48938023 -2.87810243
28.57990413 -3.87562031
28.61934424 -3.38211942
28.08046776 -3.92801932
29.39651594 -3.77408052
28.49786009 -2.43277710
27.18792378 -3.19170286
28.20979336 -3.16134035
29.25233487 -3.10961706
28.75745029 -3.86483987
28.28237971 -2.23556480
27.80724736 -3.18478750
28.61938871 -4.33723198
27.82280319 -3.65227942
27.19201760 -2.67469639
27.54195435 -3.04198761
28.02777718 -4.50029866
26.34046629 -1.99308538
27.97009683 -4.17374021
26.75302810 -2.69588037
28.44947584 -3.32629947
29.29775121 -2.35651203
26.66873884 -2.28692083
29.16869410 -3.64222608
28.22344878 -3.34976329
28.56811167 -2.70984880
27.41030715 -3.84128714
28.05744816 -3.92590344
28.00881120 -2.72226024
26.67763485 -2.38847369
27.11524573 -4.31936832
28.37549826 -4.08369757
29.09302808 -3.03063299
28.18559254 -2.06124989
27.08724204 -3.62037804
28.13088841 -2.99036568
28.44876924 -3.51177407
29.16166671 -2.02477452
27.77107117 -2.84968569
28.44259683 -4.05915185
26.85811524 -2.97716516
27.58641594 -2.84796341
27.38090372 -3.32221755
28.43022617 -3.44240935
27.59897010 -2.26563093
28.16457162 -2.69570625
28.11994717 -3.59102043
29.48521525 -3.40381831
28.07155879 -1.91021082
27.55703666 -3.27188393
27.27622640 -3.46782129
27.17912722 -2.14045836
27.91617789 -3.16929105
28.46904626 -2.69022594
26.99621828 -2.68538977
27.16358719 -3.61381067
28.68746774 -3.68252559
27.18383990 -2.71487546
27.14422891 -2.56225642
28.07044725 -4.35482793
27.96530130 -2.25156589
28.91166733 -2.30176596
27.78512103 -4.90056076
27.84127912 -4.65655208
28.44210426 -2.81847246
27.38868085 -3.11798022
28.10283039 -2.43659916
29.37896511 -1.98809093
26.99772906 -3.16879432
28.72127542 -4.18060765
28.30749356 -4.65865762
28.19656485 -4.65028947
26.21742480 -3.74408906
27.49305796 -2.60716317
27.59503991 -3.70566393
28.18567237 -3.14287642
27.96100214 -1.63129442
27.92417195 -2.67098246
28.05456940 -1.98516746
27.16637980 -3.03059910
29.76920000 -3.24859161
29.61809330 -2.20280005
28.50278131 -3.34191383
27.75468006 -2.11517354
28.08679409 -2.80212085
27.36995799 -3.45012736
28.18665625 -3.57887570
28.82532035 -3.07299741
28.38925443 -3.57135453
28.16706051 -3.73746751
27.89786834 -2.89331637
27.80836693 -4.03979335
28.47585903 -3.50898513
28.01659818 -3.31155192
27.24729783 -3.19741849
25.63935753 -3.67985124
27.99179958 -3.57299675
28.64238627 -3.12533698
26.78513533 -4.17903259
28.31743019 -2.82917732
28.34200829 -2.26407553
27.19617156 -1.42309472
28.58297225 -3.79950325
27.80729314 -2.23892472
27.97059220 -3.53914799
27.79586189 -3.71908902
28.66981143 -3.07132619
28.23111183 -4.16016406
28.80630554 -2.74291857
27.81744038 -2.64628869
29.25983073 -4.15937144
27.73300091 -4.08061450
28.00425265 -3.16352293
28.62442387 -3.38133499
27.56534651 -3.02126616
29.36174103 -2.33754007
28.60601171 -3.00778081
27.85492858 -2.96245533
27.63023949 -4.66211451
27.10766709 -4.00456558
27.93810342 -2.76341341
27.69222817 -2.75160654
27.14590015 -3.61238205
27.00712373 -2.91192367
28.66026192 -3.76337875
28.84534587 -2.98560371
25.78546274 -3.73501964
28.40123711 -3.22255004
27.71523819 -2.73400487
2.95286477 23.29141033
1.34582434 24.30720673
2.34514494 23.65836445
3.04820081 25.27203936
1.92757698 24.16815651
2.34140881 24.11079488
0.97382374 24.14571913
2.55363766 23.99406993
3.71707635 23.75635201
2.44248355 22.96026106
1.86043067 24.35993339
2.98492138 24.28908029
2.35568732 24.07702139
2.65399712 24.52125940
2.04688756 22.30496996
1.24241053 24.18677703
2.29281361 23.81378401
1.22533498 23.22438723
0.63730441 24.70865197
1.98033358 23.68424519
1.70859012 24.50014177
2.78366565 23.91917444
2.33752230 23.76192499
2.09360971 24.64623685
1.18431944 24.55341996
2.35100240 23.30644141
1.88891392 23.88208777
2.25242672 23.71983709
2.21343472 23.70071306
2.08318006 24.89416321
1.51704975 24.79164050
1.08720925 23.97109732
1.83990701 23.43757467
-22.22981619 -14.87120074
-9.86166064 5.26758203
-14.02755724 -11.81121839
11.98363833 7.47999850
-27.67185288 11.44461960
-13.58202248 -9.60231588
-6.82826129 -3.70721390
17.81585635 -23.98378983
